"SaturnV",363,245576,4736117,4490541, "Liquid Hydrogen" , 5 , 185000000
"Falcon9",230, 206790, 474646, 267856, "RP-1" , 9 , 57000000
"Electron",57, 520 , 8391, 7871 , "RP-1", 9 , 6000000
"AtlasV",191, 15198, 284089, 268891, "RP-1", 1, 110000000
"Space Shuttle", 260, 106673, 654534, 547861, "Liquid Hydrogen", 3 ,450000000
"F1",18.5, 8391, 7770, 304, 2542, 65
"Merlin 1D", 7.17, 490, 723, 282, 235, .5
"RD-180",12, 5545, 4152, 313, 1250,23
"Raptor",10, 600, 1700,  356, 931,2
"Rutherford", 17, 38 , 162, 303, .03, .5 
"RS-25", 14, 3527, 2279, 452, 490, 50
